0.000  0.000000000000000e+00  0.00000000011876
0.001 -0.000000000000000e+00  0.000000159147634
0.002 -2.629523886199735e-166 0.000001274398134
0.003 -8.963664808758548e-111 0.000004303467894
0.004 -5.301274696624255e-83  0.00001020790494
0.005 -2.464952878241714e-66  0.00001995485666
0.006 -3.212584032301224e-55  0.00003451898809
0.007 -2.811795670655883e-47  0.00005488445216
0.008 -2.558176084989335e-41  0.00008204691492
0.009 -1.108303922275919e-36  0.00011701566008
0.010 -5.698342737275609e-33  0.00016081578035
0.011 -6.216831779163347e-30  0.00021449047756
0.012 -2.120155232044660e-27  0.00027910348446
0.013 -2.955450456753988e-25  0.00035574163553
0.014 -2.039564588314409e-23  0.00044551760518
0.015 -8.019053980640742e-22  0.00054957284148
0.016 -1.995914233883069e-20  0.00066908072694
0.017 -3.408694245871382e-19  0.00080525000068
0.018 -4.252849370738208e-18  0.00095932848633
0.019 -4.072924727530137e-17  0.00113260717371
0.020 -5.750249353204637e-15  0.00132642471608
0.021 -3.720294452337633e-16  0.00154217241815
0.022 -6.620704283205222e-15  0.00178129981083
0.023 -3.987863641739626e-14  0.00204532092404
0.024 -1.433532946439986e-13  0.00233582145062
0.025 -5.208056100396812e-13  0.00265446698377
0.026 -1.846391628899852e-12  0.00300301246428
0.027 -5.881380131787047e-12  0.00338331333001
0.028 -1.666366128161809e-11  0.00379733976284
0.029 -4.449543322186797e-11  0.00424719140226
0.030 -1.132346048402588e-10  0.00473511277429
0.031 -2.674626404517118e-10  0.00526352167570
0.032 -5.917021619387317e-10  0.00583504003080
0.033 -1.257641368356357e-09  0.00645249600230
0.034 -2.570375329767494e-09  0.00711894903064
0.035 -5.005069213438442e-09  0.00783779193993
0.036 -9.338881726616358e-09  0.00861277359235
0.037 -1.689672983310676e-08  0.00944786788735
0.038 -2.970712650949939e-08  0.01034732774459
0.039 -5.057747995982602e-08  0.01131602663243
0.040 -8.352246415007466e-08  0.01235943069935
0.041 -1.345797257752648e-07  0.01348299501635
0.042 -2.122724103306089e-07  0.01469208849903
0.043 -3.275493529836088e-07  0.01599291411708
0.044 -4.943446967514595e-07  0.01739287350689
0.045 -7.314113240405784e-07  0.01889914018426
0.046 -1.063901229047432e-06  0.02051741473203
0.047 -1.523184536684767e-06  0.02225316444226
0.048 -2.146290309299881e-06  0.02411379599883
0.049 -2.977702897001619e-06  0.02610794184035
0.050 -4.073113429890899e-06  0.02824190142247
0.051 -5.501302007554720e-06  0.03051815468778
0.052 -7.342404265357046e-06  0.03293852213308
0.053 -9.686017038207988e-06  0.03550791528247
0.054 -1.263355066780853e-05  0.03823294931031
0.055 -1.630378143099639e-05  0.04111620246342
0.056 -2.083563665778718e-05  0.04415328809970
0.057 -2.638500042103701e-05  0.04733685703681
0.058 -3.311964383015686e-05  0.05066296913348
0.059 -4.121906611119965e-05  0.05413188363249
0.060 -5.088038482843279e-05  0.05774160508802
0.061 -6.232383163282859e-05  0.06148133646162
0.062 -7.579109517547493e-05  0.06533252020704
0.063 -9.153733814478454e-05  0.06927670201092
0.064 -1.098246071002028e-04  0.07330188070275
0.065 -1.309229713656941e-04  0.07740047391306
0.066 -1.551175001562999e-04  0.08156085038763
0.067 -1.827127856847839e-04  0.08576119606173
0.068 -2.140288430576315e-04  0.08997213915507
0.069 -2.493905594412330e-04  0.09416581967226
0.070 -2.891190089208680e-04  0.09832292633083
0.071 -3.335311297578462e-04  0.10243127610284
0.072 -3.829464628104101e-04  0.10647742643241
0.073 -4.376932148405736e-04  0.11043910624022
0.074 -4.981065828214579e-04  0.11428531594402
0.075 -5.645191195729556e-04  0.11798406660742
0.076 -6.372496829825965e-04  0.12151129794170
0.077 -7.165985569962099e-04  0.12485382216666
0.078 -8.028512077047115e-04  0.12800422994692
0.079 -8.962863311595402e-04  0.13095208813173
0.080 -9.971807968350570e-04  0.13367838301726
0.081 -1.105806867914052e-03  0.13615730774092
0.082 -1.222423131951973e-03  0.13836381890210
0.083 -1.347265156231076e-03  0.14028135107736
0.084 -1.480541842990481e-03  0.14190435956697
0.085 -1.622439260817081e-03  0.14323427708006
0.086 -1.773128642106717e-03  0.14427197742527
0.087 -1.932772776517143e-03  0.14501187531908
0.088 -2.101526578525012e-03  0.14544128553664
0.089 -2.279531745046004e-03  0.14554500371633
0.090 -2.466909215565491e-03  0.14531184929835
0.091 -2.663754257057983e-03  0.14473906211176
0.092 -2.870137047264674e-03  0.14383215065462
0.093 -3.086108151691570e-03  0.14260069080457
0.094 -3.311705523713017e-03  0.14105282192693
0.095 -3.546959137096040e-03  0.13919158473190
0.096 -3.791891119594058e-03  0.13701482815050
0.097 -4.046512013753454e-03  0.13451824380678
0.098 -4.310815872427956e-03  0.13169948077254
0.099 -4.584777242651434e-03  0.12856103057335
0.100 -4.868351743813264e-03  0.12511056853530
0.101 -5.161479854286132e-03  0.12135895423639
0.102 -5.464091892117124e-03  0.11731725059326
0.103 -5.776111802098537e-03  0.11299437935272
0.104 -6.097458267837140e-03  0.10839641396990
0.105 -6.428043210367320e-03  0.10352749483819
0.106 -6.767769038167788e-03  0.09839153609137
0.107 -7.116526450846200e-03  0.09299366441474
0.108 -7.474194072493928e-03  0.08734069958979
0.109 -7.840640099735317e-03  0.08144065139427
0.110 -8.215725114744667e-03  0.07530176309702
0.111 -8.599304737938204e-03  0.06893179612764
0.112 -8.991231041110216e-03  0.06233799114903
0.113 -9.391352389457031e-03  0.05552765612199
0.114 -9.799512202370981e-03  0.04850891784722
0.115 -1.021554760187048e-02  0.04129105716341
0.116 -1.063928886215937e-02  0.03388407905749
0.117 -1.107056006803941e-02  0.02629760959868
0.118 -1.150918072790934e-02  0.01853962225676
0.119 -1.195496760447024e-02  0.01061566035748
0.120 -1.240773594221851e-02  0.00252905141119
0.121 -1.286729959643487e-02 -0.00571782176047
0.122 -1.333347012254677e-02 -0.01412162055536
0.123 -1.380605539292197e-02 -0.02267627689622
0.124 -1.428485853709002e-02 -0.03137211636261
0.125 -1.476967785534300e-02 -0.04019633363371
0.126 -1.526030791386136e-02 -0.04913475745980
0.127 -1.575654149484497e-02 -0.05817432761096
0.128 -1.625817168181967e-02 -0.06730539943148
0.129 -1.676499327489847e-02 -0.07652301392478
0.130 -1.727680298273492e-02 -0.08582661649752
0.131 -1.779339832130844e-02 -0.09521824757969
0.132 -1.831457566418999e-02 -0.10469976706431
0.133 -1.884012823358661e-02 -0.11427002008341
0.134 -1.936984486351690e-02 -0.12392288750986
0.135 -1.990351009597490e-02 -0.13364688377125
0.136 -2.044090569135954e-02 -0.14342646698307
0.137 -2.098181312531055e-02 -0.15324467912209
0.138 -2.152601628726362e-02 -0.16308631383246
0.139 -2.207330351367327e-02 -0.17294064601236
0.140 -2.262346830658327e-02 -0.18280289435531
0.141 -2.317630852102944e-02 -0.19267397418243
0.142 -2.373162430823212e-02 -0.20255860752770
0.143 -2.428921550347393e-02 -0.21246233452742
0.144 -2.484887932400611e-02 -0.22238827705275
0.145 -2.541040914467067e-02 -0.23233456229678
0.146 -2.597359478468563e-02 -0.24229311634079
0.147 -2.653822428002277e-02 -0.25225015164600
0.148 -2.710408667468965e-02 -0.26218821050556
0.149 -2.767097506886530e-02 -0.27208921516843
0.150 -2.823868909577932e-02 -0.28193772058112
