200 0.25
173.66 -24.862000000000002 -40.66
15.405666666666667 -2.6889333333333334 -28.26033333333333
4.3725000000000005 -1.0015 -2.4221999999999997
1.8424771428571427 -2.2174428571428573 -2.187042857142857
1.056678888888889 -1.8847111111111112 -1.262111111111111
0.7904027272727273 -1.0725272727272728 -0.8074272727272727
0.6777966153846154 -0.6146153846153846 -0.5535153846153846
0.5762913333333334 -0.34464666666666666 -0.3986166666666666
0.4379782352941176 -0.1783817647058824 -0.2980217647058824
0.26648263157894736 -0.07142736842105263 -0.22938736842105267
0.09428238095238095 -0.006307619047619062 -0.18069761904761905
-0.019093913043478294 0.0001660869565217049 -0.14490391304347827
-0.030179999999999985 4.999999999999449e-05 -0.11795
-0.0036737037037037346 -4.370370370371246e-05 -0.09712370370370371
0.00017206896551724693 -5.7931034482761046e-05 -0.08062793103448274
-2.548387096773519e-05 0.0001345161290322583 -0.06730548387096774
9.424242424244111e-05 -0.00042575757575757933 -0.056335757575757595
-0.0001085714285714301 -0.00023857142857144908 -0.047148571428571456
-1.3783783783777315e-05 -0.00010378378378378406 -0.03931378378378375
2.820512820511656e-05 -5.179487179488018e-05 -0.03252179487179488
2.1951219512206244e-05 -1.8048780487806004e-05 -0.026548048780487804
1.6511627906973247e-05 -3.4883720930189988e-06 -0.021253488372093038
-3.222222222221127e-05 -1.2222222222219026e-05 -0.016512222222222206
2.7659574468041903e-06 -7.234042553205811e-06 -0.012197234042553184
2.5306122448970347e-05 5.306122448978101e-06 -0.008294693877551024
2.745098039214078e-06 -7.254901960795923e-06 -0.0047572549019608
-6.603773584912265e-06 3.396226415097736e-06 -0.001546603773584898
-5.454545454558479e-06 4.545454545451522e-06 0.0013345454545454494
-9.122807017564183e-06 8.77192982445818e-07 0.0038908771929824504
3.2203389830620655e-06 3.2203389830620655e-06 0.006103220338983056
-1.2459016393434608e-05 -2.4590163934246068e-06 0.00795754098360657
1.4126984126977549e-05 4.126984126967548e-06 0.009454126984126981
5.692307692307941e-05 -3.076923076911209e-06 0.010546923076923079
7.298507462685788e-05 2.9850746268572648e-06 0.011242985074626857
3.202898550724864e-05 2.0289855072463947e-06 0.011522028985507249
1.60563380281753e-05 6.056338028165298e-06 0.011396056338028177
-9.589041096019768e-07 -9.589041096019768e-07 0.01079304109589041
6.666666666668708e-06 -3.333333333327415e-06 0.010021666666666679
6.103896103906714e-06 -3.896103896103287e-06 0.009119103896103903
-4.177215189873906e-06 -4.177215189873906e-06 0.008170822784810128
2.432098765423052e-06 2.432098765423052e-06 0.007379432098765432
-1.4578313252966435e-06 -1.4578313252966435e-06 0.006670542168674701
1.6470588235228956e-06 1.6470588235228956e-06 0.0060296470588235285
1.0229885057527754e-06 1.0229885057527754e-06 0.005451022988505749
-1.3595505617969295e-06 -1.3595505617969295e-06 0.004926640449438205
2.087912087916921e-06 2.087912087916921e-06 0.0044540879120879145
5.053763440926451e-07 5.053763440926451e-07 0.0040265053763440944
-1.4736842105234071e-06 -1.4736842105234071e-06 0.003638526315789467
2.2268041237061276e-06 2.2268041237061276e-06 0.0032902268041237054
8.080808081012414e-08 8.080808081012414e-08 0.0029740808080808145
-2.0792079207937464e-06 -2.0792079207937464e-06 0.002687920792079204
1.9029126213515601e-06 1.9029126213515601e-06 0.002430902912621352
1.4761904761906308e-06 1.4761904761906308e-06 0.002196476190476193
-1.6448598130908154e-06 -1.6448598130908154e-06 0.001985355140186912
4.954128440398664e-07 4.954128440398664e-07 0.0017954954128440448
2.0720720720762698e-06 2.0720720720762698e-06 0.0016230720720720737
-5.398230088493605e-07 -5.398230088493605e-07 0.0014664601769911467
-7.826086956541634e-07 -7.826086956541634e-07 0.0013252173913043536
2.06837606837873e-06 2.06837606837873e-06 0.0011990683760683823
8.907563025239984e-07 8.907563025239984e-07 0.0010838907563025246
-1.2975206611504086e-06 -1.2975206611504086e-06 0.0009787024793388444
-3.495934959296676e-07 -3.495934959296676e-07 0.0008846504065040672
2.000000000002e-06 2.000000000002e-06 0.0008009999999999962
1.2598425196130858e-07 1.2598425196130858e-07 0.0007231259842519697
-1.4961240310112922e-06 -1.4961240310112922e-06 0.0006535038759689915
-2.9770992366479065e-07 -2.9770992366479065e-07 0.0005907022900763365
1.375939849619645e-06 1.375939849619645e-06 0.0005353759398496194
2.592592592623455e-07 2.592592592623455e-07 0.00048325925925925967
-8.394160583985455e-07 -8.394160583985455e-07 0.00043616058394160134
-1.0431654676248958e-06 -1.0431654676248958e-06 0.0003939568345323746
1.5886524822664172e-06 1.5886524822664172e-06 0.00035758865248226857
1.0559440559443356e-06 1.0559440559443356e-06 0.0003230559440559472
-5.862068965523104e-07 -5.862068965523104e-07 0.0002914137931034483
-1.231292517007987e-06 -1.231292517007987e-06 0.00026276870748299236
2.7516778523112295e-07 2.7516778523112295e-07 0.00023827516778523322
1.1324503311274658e-06 1.1324503311274658e-06 0.00021613245033112738
5.816993464066722e-07 5.816993464066722e-07 0.0001945816993464064
-1.0967741935485886e-06 -1.0967741935485886e-06 0.00017490322580645395
-5.859872611452266e-07 -5.859872611452266e-07 0.0001584140127388542
4.654088050365379e-07 4.654088050365379e-07 0.00014446540880503483
1.440993788813516e-06 1.440993788813516e-06 0.00013044099378881763
7.546012269973867e-07 7.546012269973867e-07 0.00011775460122699644
-1.5151515151551331e-07 -1.5151515151551331e-07 0.00010584848484848641
-8.083832335331609e-07 -8.083832335331609e-07 9.519161676647264e-05
2.781065088774959e-07 2.781065088774959e-07 8.72781065088743e-05
1.6257309941522524e-06 1.6257309941522524e-06 7.962573099414699e-05
7.7456647398777e-07 7.7456647398777e-07 7.177456647398939e-05
-7.142857142844461e-07 -7.142857142844461e-07 6.328571428571711e-05
-1.2598870056529377e-06 -1.2598870056529377e-06 5.6740112994349556e-05
-2.6256983239741905e-07 -2.6256983239741905e-07 5.1737430167599074e-05
8.950276243063771e-07 8.950276243063771e-07 4.789502762430481e-05
8.46994535522172e-07 8.46994535522172e-07 4.3846994535516604e-05
2.432432432489251e-07 2.432432432489251e-07 3.9243243243246295e-05
-2.513368983977915e-07 -2.513368983977915e-07 3.474866310160252e-05
-9.576719576728787e-07 -9.576719576728787e-07 3.104232804232443e-05
-1.8324607329450737e-07 -1.8324607329450737e-07 2.881675392670674e-05
7.772020725396733e-07 7.772020725396733e-07 2.677720207253792e-05
6.41025641026638e-07 6.41025641026638e-07 2.4641025641022885e-05
1.3705583756101758e-07 1.3705583756101758e-07 2.1137055837561203e-05
-9.949748743728892e-07 -9.949748743728892e-07 1.9005025125626296e-05
-1.004975124375973e-06 -1.004975124375973e-06 1.5995024875620212e-05
-1.3300492610751613e-07 -1.3300492610751613e-07 1.5866995073894608e-05
1.3902439024368607e-06 1.3902439024368607e-06 1.5390243902436984e-05
1.3429951690804853e-06 1.3429951690804853e-06 1.3342995169078609e-05
5.119617224880191e-07 5.119617224880191e-07 1.1511961722485142e-05
-3.080568720323362e-07 -3.080568720323362e-07 9.691943127963787e-06
-3.1455399061158795e-07 -3.1455399061158795e-07 8.685446009390474e-06
-6.976744186051875e-07 -6.976744186051875e-07 8.302325581396874e-06
3.5944700460532886e-07 3.5944700460532886e-07 8.35944700460639e-06
6.803652968026541e-07 6.803652968026541e-07 7.680365296802716e-06
1.0950226244366146e-06 1.0950226244366146e-06 7.095022624435676e-06
4.3946188340443504e-07 4.3946188340443504e-07 5.4394618834094355e-06
-4.44444444441805e-07 -4.44444444441805e-07 4.5555555555562566e-06
-7.092511013148672e-07 -7.092511013148672e-07 4.290748898683194e-06
-5.021834061161301e-07 -5.021834061161301e-07 3.4978165938878703e-06
3.463203462894526e-08 3.463203462894526e-08 4.034632034632946e-06
7.639484978505529e-07 7.639484978505529e-07 4.763948497854553e-06
5.531914893594503e-07 5.531914893594503e-07 3.5531914893624506e-06
2.7426160337240546e-07 2.7426160337240546e-07 3.2742616033754057e-06
-1.966527196708978e-07 -1.966527196708978e-07 2.8033472803321025e-06
-9.79253112036449e-07 -9.79253112036449e-07 2.0207468879665513e-06
-1.8930041151971055e-07 -1.8930041151971055e-07 1.8106995884822896e-06
6.12244897973957e-08 6.12244897973957e-08 2.061224489799396e-06
6.639676113362469e-07 6.639676113362469e-07 2.663967611338247e-06
5.14056224899806e-07 1.5140562248938672e-06 2.5140562248948672e-06
5.099601593644421e-07 2.5099601593595033e-06 1.5099601593654421e-06
5.533596837900556e-07 3.553359683793056e-06 1.5533596837910557e-06
-4.5098039215540897e-07 3.5490196078416525e-06 5.490196078455911e-07
-5.953307392995988e-07 2.404669260699932e-06 4.046692607014013e-07
-9.691119691110361e-07 2.0308880308884947e-06 3.0888030889963947e-08
3.4099616857963255e-07 3.4099616857963255e-07 1.3409961685806326e-06
2.509505703414405e-07 2.509505703414405e-07 1.2509505703424406e-06
6.792452830195472e-07 -3.2075471698145286e-07 1.6792452830205473e-06
5.468164794020236e-07 -4.531835205989765e-07 1.5468164793995542e-06
-2.230483271380146e-07 -2.230483271380146e-07 7.76951672859516e-07
-7.047970479699683e-07 2.952029520275623e-07 2.952029520275623e-07
-9.70695970697183e-07 2.9304029303817147e-08 2.9304029303817147e-08
-9.090909090792021e-08 -9.090909090792021e-08 -9.090909090792021e-08
-1.335740072196112e-07 -1.335740072196112e-07 -1.335740072196112e-07
8.35125448028079e-07 -1.648745519729211e-07 8.35125448028079e-07
7.508896797125963e-07 -2.491103202849343e-07 7.508896797125963e-07
5.512367491147807e-07 -4.4876325088274993e-07 5.512367491147807e-07
1.7543859649055138e-07 1.7543859649055138e-07 1.1754385964915515e-06
5.644599303140929e-07 -4.3554006968690717e-07 5.644599303140929e-07
-3.3910034601819516e-07 -3.3910034601819516e-07 -3.3910034601819516e-07
-5.910652920958215e-07 4.0893470790170916e-07 -5.910652920958215e-07
-2.457337883940425e-07 -2.457337883940425e-07 -2.457337883940425e-07
-3.5593220339136256e-07 -3.5593220339136256e-07 -3.5593220339136256e-07
2.69360269332386e-08 2.69360269332386e-08 1.0269360269342387e-06
8.528428093630691e-07 -1.4715719063446153e-07 8.528428093630691e-07
1.0730897009973706e-06 7.308970099637047e-08 1.0730897009973706e-06
6.402640264045745e-07 -3.597359735964256e-07 6.402640264045745e-07
5.081967213126093e-07 -4.918032786883908e-07 5.081967213126093e-07
-3.680781758934326e-07 -3.680781758934326e-07 -3.680781758934326e-07
-3.236245954552075e-08 -3.236245954552075e-08 -3.236245954552075e-08
-5.273311897112387e-07 4.726688102897614e-07 -5.273311897112387e-07
1.0543130990470218e-07 1.0543130990470218e-07 1.0543130990470218e-07
-1.746031746026333e-07 -1.746031746026333e-07 -1.746031746026333e-07
5.930599369062539e-07 -4.0694006309127673e-07 5.930599369062539e-07
3.699059561122764e-07 3.699059561122764e-07 3.699059561122764e-07
1.1838006230488474e-07 1.1838006230488474e-07 1.1183800623058848e-06
8.018575851399812e-07 -1.9814241485754946e-07 8.018575851399812e-07
3.846153846139011e-07 3.846153846139011e-07 3.846153846139011e-07
-1.681957186548677e-07 -1.681957186548677e-07 -1.681957186548677e-07
-8.905775075972178e-07 1.0942249240031288e-07 1.0942249240031288e-07
-8.157099697890524e-07 1.8429003021194768e-07 -8.157099697890524e-07
2.4024024023600044e-08 2.4024024023600044e-08 2.4024024023600044e-08
-4.029850746260777e-07 -4.029850746260777e-07 -4.029850746260777e-07
8.724035608330405e-07 -1.275964391679596e-07 8.724035608330405e-07
8.200589970489003e-07 -1.7994100294863036e-07 8.200589970489003e-07
4.1055718474902747e-07 4.1055718474902747e-07 4.1055718474902747e-07
6.151603498538716e-07 -3.848396501471285e-07 6.151603498538716e-07
4.0579710144927894e-07 4.0579710144927894e-07 4.0579710144927894e-07
-2.4495677233490887e-07 -2.4495677233490887e-07 -2.4495677233490887e-07
-3.6389684813717404e-07 -3.6389684813717404e-07 -3.6389684813717404e-07
2.2792022793399758e-08 2.2792022793399758e-08 2.2792022793399758e-08
-1.104815864003128e-07 -1.104815864003128e-07 -1.104815864003128e-07
-7.887323943654712e-07 2.1126760563552893e-07 2.1126760563552893e-07
-3.641456582451075e-08 -3.641456582451075e-08 -3.641456582451075e-08
1.2256267409305188e-07 1.2256267409305188e-07 1.2256267409305188e-07
6.648199445992431e-07 -3.35180055401757e-07 6.648199445992431e-07
5.674931129497074e-07 -4.325068870512927e-07 5.674931129497074e-07
8.082191780833803e-07 -1.917808219176198e-07 8.082191780833803e-07
3.651226158016274e-07 3.651226158016274e-07 3.651226158016274e-07
2.1680216802030805e-07 2.1680216802030805e-07 2.1680216802030805e-07
-6.576819406994838e-07 3.4231805930151626e-07 -6.576819406994838e-07
-2.788203753330276e-07 -2.788203753330276e-07 -2.788203753330276e-07
-6.666666666661769e-07 3.3333333333135373e-07 -6.666666666661769e-07
-8.408488063674224e-07 1.5915119363357766e-07 -8.408488063674224e-07
1.794195250669206e-07 1.794195250669206e-07 1.794195250669206e-07
3.7532808399090567e-07 3.7532808399090567e-07 3.7532808399090567e-07
7.284595300270647e-07 -2.7154046997393544e-07 7.284595300270647e-07
2.2077922078034273e-07 2.2077922078034273e-07 2.2077922078034273e-07
8.346253229998823e-07 -1.6537467700111774e-07 8.346253229998823e-07
5.526992287903376e-07 -4.4730077121066247e-07 5.526992287903376e-07
3.58056265987311e-07 3.58056265987311e-07 3.58056265987311e-07
2.3409669211438278e-07 2.3409669211438278e-07 2.3409669211438278e-07
1.6455696202552494e-07 1.6455696202552494e-07 1.6455696202552494e-07
1.335012594465279e-07 1.335012594465279e-07 1.335012594465279e-07
-8.746867167924721e-07 1.2531328320852797e-07 -8.746867167924721e-07
